8
20
33
45
58
70
83
96
108
120
133
146
159
171
184
197
210
221
235
247
261
273
286
299
312
324
337
350
374
375
376
383
384
385
392
393
394
401
402
403
410
411
412
419
420
421
428
429
430
437
438
439
446
447
448
455
456
457
464
465
466
473
474
475
482
483
484
491
492
493
500
501
502
509
510
511
518
519
520
527
528
529
536
537
538
545
546
547
554
555
556
563
564
565
572
573
574
581
582
583
590
591
592
599
600
601
608
609
610
617
618
619
626
627
628
637
638
639
649
650
651
660
661
662
671
672
673
682
683
684
692
693
694
702
703
704
712
713
714
722
723
724
733
734
735
744
745
746
755
756
757
766
767
768
777
778
779
789
790
791
799
800
801
811
812
813
822
823
824
833
834
835
845
846
847
857
858
859
868
869
870
879
880
881
890
891
892
899
900
901
907
908
909
915
916
917
935
948
960
972
985
999
1012
1026
1039
1051
1064
1077
1089
1102
1115
1127
1139
1151
1165
1178
1191
1217
1230
1244
1266
1277
1295
1296
1297
1304
1305
1306
1313
1314
1315
1322
1323
1324
1331
1332
1333
1340
1341
1342
1349
1350
1351
1358
1359
1360
1367
1368
1369
1376
1377
1378
1385
1386
1387
1394
1395
1396
1403
1404
1405
1412
1413
1414
1421
1422
1423
1430
1431
1432
1439
1440
1441
1448
1449
1450
1457
1458
1459
1466
1467
1468
1475
1476
1477
1484
1485
1486
1493
1494
1495
1502
1503
1504
1511
1512
1513
1520
1521
1522
1529
1530
1531
1538
1539
1540
1547
1548
1549
1559
1560
1561
1569
1570
1571
1581
1582
1583
1591
1592
1593
1602
1603
1604
1613
1614
1615
1624
1625
1626
1635
1636
1637
1646
1647
1648
1658
1659
1660
1670
1671
1672
1681
1682
1683
1691
1692
1693
1702
1703
1704
1714
1715
1716
1725
1726
1727
1736
1737
1738
1747
1748
1749
1758
1759
1760
1769
1770
1771
1780
1781
1782
1790
1791
1792
1800
1801
1802
1811
1812
1813
1822
1823
1824
1833
1834
1835
1844
1845
1846
8.72983
