0.186 0.185999
0.1952 0.195199
0.8596 0.859599
0.9152 0.915199
0.3067 0.306699
0.1358 0.135799
0.6705 0.670499
0.1076 0.107599
0.2805 0.280499
0.054 0.053999
0.351 0.350999
0.5537 0.553699
0.1668 0.166799
0.5425 0.542499
0.8086 0.808599
0.5584 0.558399
0.1776 0.177599
0.1391 0.139099
0.6426 0.642599
0.1241 0.124099
0.4381 0.438099
0.9192 0.919199
1.1311 1.1311
1.2743 1.2743
0.5195 0.519499
1.2032 1.2032
0.7896 0.789599
0.2412 0.241199
1.0362 1.0362
0.0905 0.090499
0.0879 0.087899
0.3397 0.339699
0.2305 0.230499
0.0677 0.067699
0.8828 0.882799
0.2279 0.227899
0.0279 0.027899
0.1032 0.103199
0.2328 0.232799
0.2816 0.281599
0.2502 0.250199
0.1297 0.129699
0.0626 0.062599
0.9916 0.991599
0.0889 0.088899
0.3872 0.387199
0.3768 0.376799
0.2178 0.217799
0.0138 0.013799
0.2475 0.247499
0.1059 0.105899
0.2509 0.250899
0.3217 0.321699
0.2086 0.208599
0.3398 0.339799
1.4956 1.4956
0.3747 0.374699
0.2388 0.238799
0.0003 0.000299
0.5542 0.554199
1.354 1.354
0.1303 0.130299
0.9204 0.920399
0.0035 0.003499
