0.5115 0.517548
0.3156 0.318133
0.9502 0.971641
0.2008 0.201784
1.2706 1.31243
0.0537 0.0537649
0.109 0.109334
0.0045 0.004499
0.3711 0.374422
0.0652 0.0652827
0.2253 0.226006
0.258 0.259823
0.083 0.0830837
1.1448 1.18078
1.2994 1.3382
0.2226 0.223358
1.078 1.10477
1.3078 1.34458
0.2216 0.22269
0.2157 0.216433
0.0289 0.0289075
0.1586 0.159096
0.0939 0.0939172
0.8158 0.832292
0.8953 0.918119
0.4808 0.485694
0.4491 0.454477
0.0935 0.0936404
0.4907 0.49595
0.466 0.471225
1.9288 2.02673
1.1228 1.15238
Failed 
1.0324 1.05999
0.2722 0.274484
1.154 1.18901
Failed 
0.6728 0.683741
0.4214 0.425555
0.3328 0.335386
0.1989 0.19991
0.1207 0.121194
0.5841 0.593495
1.4489 1.50216
0.0056 0.005599
0.5086 0.517243
1.2361 1.27147
1.2483 1.28124
0.6665 0.6781
0.5399 0.548393
0.8591 0.880242
0.3538 0.35783
0.0072 0.007199
1.7108 1.78662
0.1512 0.152134
0.5148 0.520578
1.2703 1.31104
0.7347 0.750303
1.0038 1.03279
0.1093 0.109622
0.3096 0.311482
0.1941 0.194935
0.3127 0.314465
0.7924 0.809227
