0.052 0.051999
0.0175 0.017499
0.064 0.063999
0.0776 0.077599
0.0022 0.002199
0.0436 0.043599
0.0029 0.002899
0.0145 0.014499
0.0342 0.034199
0.078 0.077999
0.2669 0.266899
0.0021 0.002099
0.0674 0.067399
0.0377 0.037699
0.0361 0.036099
0.0254 0.025399
0.1494 0.149399
0.2093 0.209299
0.0737 0.073699
0.104 0.103999
0.0791 0.079099
0.1251 0.125099
0.0589 0.058899
0.1384 0.138399
0.0711 0.071099
0.1006 0.100599
0.1077 0.107699
0.5966 0.596599
0.0439 0.043899
0.0505 0.050499
0.09 0.089999
Failed 
0.1438 0.143799
0.0881 0.088099
0.1312 0.131199
0.0606 0.060599
0.0398 0.039799
0.1078 0.107799
0.0004 0.000399
0.2249 0.224899
0.0581 0.058099
0.2295 0.229499
0.0976 0.097599
0.276 0.275999
0.0076 0.007599
0.0123 0.012299
0.0724 0.072399
0.0746 0.074599
0.0472 0.047199
0.0772 0.077199
0.1997 0.199699
0.1032 0.103199
0.0282 0.028199
0.0283 0.028299
0.1285 0.128499
0.3415 0.341499
0.2615 0.261499
0.0666 0.066599
0.2156 0.215599
0.015 0.014999
0.0368 0.036799
0.4338 0.433799
0.0119 0.011899
0.2017 0.201699
0.052 0.051999
0.0175 0.017499
0.064 0.063999
0.0776 0.077599
0.0022 0.002199
0.0436 0.043599
0.0029 0.002899
0.0145 0.014499
0.0342 0.034199
0.078 0.077999
0.2669 0.266899
0.0021 0.002099
0.0674 0.067399
0.0377 0.037699
0.0361 0.036099
0.0254 0.025399
0.1494 0.149399
0.2093 0.209299
0.0737 0.073699
0.104 0.103999
0.0791 0.079099
0.1251 0.125099
0.0589 0.058899
0.1384 0.138399
0.0711 0.071099
0.1006 0.100599
0.1077 0.107699
0.5966 0.596599
0.0439 0.043899
0.0505 0.050499
0.09 0.089999
Failed 
0.1438 0.143799
0.0881 0.088099
0.1312 0.131199
0.0606 0.060599
0.0398 0.039799
0.1078 0.107799
0.0004 0.000399
0.2249 0.224899
0.0581 0.058099
0.2295 0.229499
0.0976 0.097599
0.276 0.275999
0.0076 0.007599
0.0123 0.012299
0.0724 0.072399
0.0746 0.074599
0.0472 0.047199
0.0772 0.077199
0.1997 0.199699
0.1032 0.103199
0.0282 0.028199
0.0283 0.028299
0.1285 0.128499
0.3415 0.341499
0.2615 0.261499
0.0666 0.066599
0.2156 0.215599
0.015 0.014999
0.0368 0.036799
0.4338 0.433799
0.0119 0.011899
0.2017 0.201699
