0 0 42.1
0 0 24.1
0 0 53.7
0 0 41.1
0 0 47.5
0 0 46.2
0 1 59.0
0 0 42.6
0 0 38.3
0 0 43.1
0 3 38.6
0 0 52.9
0 0 45.1
0 0 40.0
0 12 4.1
0 1 4.1
0 0 31.9
0 0 41.6
0 1 40.1
0 1 7.5
0 0 23.1
0 0 29.4
0 0 58.8
0 0 38.9
0 0 23.9
0 0 39.0
0 1 19.5
0 0 34.5
0 0 52.4
0 0 44.3
0 3 19.4
0 0 44.2
0 0 37.6
0 0 50.4
0 6 54.9
0 0 49.9
0 0 33.3
0 0 33.6
0 1 30.2
0 0 47.9
0 0 25.6
0 0 29.7
0 0 57.9
0 0 26.6
0 0 21.2
0 0 24.8
0 1 8.2
0 0 20.9
0 0 26.1
0 0 33.1
0 1 42.4
0 0 27.3
0 0 30.3
0 0 35.7
0 2 12.9
0 0 29.0
0 0 21.5
0 0 25.3
0 1 22.7
0 0 23.3
