0.0314 0.031399
0.0611 0.061099
Failed 
0.0323 0.032299
0.0761 0.076099
0.1164 0.116399
0.0194 0.019399
0.0226 0.022599
0.0377 0.037699
0.0654 0.065399
0.2007 0.200699
0.0498 0.049799
0.035 0.034999
0.0013 0.001299
0.0603 0.060299
0.0643 0.064299
0.016 0.015999
0.0804 0.080399
0.0534 0.053399
0.0677 0.067699
0.0243 0.024299
0.0091 0.009099
0.0072 0.007199
0.0443 0.044299
0.0016 0.001599
0.0063 0.006299
0.0026 0.002599
0.0226 0.022599
0.1352 0.135199
0.0191 0.019099
0.0422 0.042199
0.0308 0.030799
0.0197 0.019699
0.031 0.030999
0.011 0.010999
0.0129 0.012899
0.0689 0.068899
0.0082 0.008199
0.0249 0.024899
0.0114 0.011399
0.0576 0.057599
0.0014 0.001399
0.0079 0.007899
0.0164 0.016399
0.1299 0.129899
0.0378 0.037799
0.0067 0.006699
Failed 
0.0537 0.053699
Failed 
0.0706 0.070599
0.0172 0.017199
Failed 
0.0028 0.002799
0.0001 9.9e-05
0.0195 0.019499
0.0134 0.013399
0.0088 0.008799
0.0253 0.025299
0.046 0.045999
0.0027 0.002699
0.0019 0.001899
0.0006 0.000599
0.0259 0.025899
